00000111101 
00001001111 
00001110011 
00010010111 
00010101110 
00011011010 
00011101001 
00011110100 
00100011110 
00100101011 
00101010101 
00101100110 
00101111000 
00110011001 
00110100101 
00110110010 
00111000011 
00111001100 
01000011011 
01000110110 
01001011100 
01001100101 
01001101010 
01010001101 
01010100011 
01010111000 
01011000110 
01011010001 
01100000111 
01100101100 
01100110001 
01101001001 
01101010010 
01110001010 
01110010100 
01111100000 
10000100111 
10000111010 
10001010110 
10001011001 
10001101100 
10010001011 
10010011100 
10010110001 
10011000101 
10011100010 
10100001101 
10100010011 
10100110100 
10101001010 
10101100001 
10110000110 
10110101000 
10111010000 
11000001110 
11000010101 
11000101001 
11001000011 
11001110000 
11010010010 
11010100100 
11011001000 
11100011000 
11100100010 
11101000100 
11110000001 
