00000110111100 
00001101000111 
00010011010101 
00010111001010 
00011000101110 
00011100110001 
00100010001111 
00100111100001 
00101001110100 
00101100011010 
00110010110010 
00111001001001 
00111110000100 
01000011100110 
01000100101011 
01001000011101 
01001111010000 
01010001111000 
01010100010110 
01011010000011 
01100001010011 
01100101001100 
01101010101000 
01110000100101 
10000000110111 
10000101011001 
10001011001100 
10001110100010 
10010010101001 
10010101100100 
10011001010010 
10100001101010 
10101010010001 
10110000011100 
10110100000011 
11000010011010 
11000110000101 
11001001100001 
11011100001000 
11100100110000 
11101000000110 
11110011000000 