00010110001111 
00101011110010 
01000011110101 
01000100111011 
01001011001011 
01001101101100 
01001110010110 
01010001011110 
01010111100010 
01011000100111 
01011010111000 
01011101010001 
01100010101110 
01100101000111 
01100111011000 
01101000011101 
01101110100001 
01110001101001 
01110010010011 
01110100110100 
01111011000100 
01111100001010 
10000001101111 
10000111010011 
10001011011100 
10001100110101 
10001110101010 
10010010110110 
10010101111000 
10011000011011 
10011011100001 
10011101000110 
10100010111001 
10100100011110 
10100111100100 
10101010000111 
10101101001001 
10110001010101 
10110011001010 
10110100100011 
10111000101100 
10111110010000 
