00000000111111 
00000011010111 
00000011101011 
00000011111100 
00000101111010 
00000110011011 
00000110100111 
00000111110001 
00001001011011 
00001001101110 
00001010001111 
00001010110110 
00001100110011 
00001101011100 
00001101101001 
00001110010101 
00001110101100 
00001111001010 
00010001011110 
00010011011001 
00010011100101 
00010011110010 
00010100101101 
00010100110110 
00010101001011 
00010101010101 
00010110111000 
00010111000110 
00011000100111 
00011000111001 
00011001110100 
00011010101010 
00011110010010 
00011111000001 
00100001011101 
00100010101101 
00100010111010 
00100011100110 
00100100011110 
00100100111001 
00100111010010 
00100111101000 
00101000101011 
00101001010110 
00101001100101 
00101001111000 
00101010011100 
00101010110001 
00101011000011 
00101100000111 
00101100110100 
00101101010001 
00101110001001 
00101110100010 
00101111000100 
00110000111100 
00110001000111 
00110001101010 
00110001110001 
00110010010110 
00110010100011 
00110011001100 
00110100010011 
00110101100100 
00110110000101 
00110110001010 
00111000010101 
00111000011010 
00111001001001 
00111011100000 
00111100001100 
00111100100001 
00111101000010 
01000001100111 
01000010101110 
01000010110101 
01000011001101 
01000011011010 
01000100010111 
01000100101011 
01000100111100 
01000101011001 
01000111010100 
01001000111010 
01001001010101 
01001010010011 
01001011000110 
01001011101000 
01001100001110 
01001101000011 
01001101100100 
01001110100001 
01010000011101 
01010001010011 
01010001101100 
01010010000111 
01010010101001 
01010100011010 
01010100110001 
01010110001100 
01010111100000 
01011000010110 
01011001001010 
01011001100001 
01011010011000 
01011010100100 
01011100001001 
01011100100010 
01011101010000 
01100000110011 
01100001001011 
01100001110100 
01100011100001 
01100100001101 
01100101000110 
01100110000011 
01100110011000 
01100110100100 
01101000011001 
01101000101100 
01101001100010 
01101010000101 
01101010001010 
01101011010000 
01101100010010 
01101101001000 
01110000001110 
01110000100101 
01110001011000 
01110010110000 
01110011000010 
01110100010100 
01110100101000 
01110101000001 
01111000000011 
01111001000100 
01111110000000 
10000001110110 
10000001111001 
10000011001110 
10000100001111 
10000101010011 
10000101101100 
10000110110100 
10000111011000 
10000111100010 
10001000111100 
10001001000111 
10001010011010 
10001010101001 
10001011010001 
10001100010110 
10001100100101 
10001101110000 
10001110000011 
10010000010111 
10010000101011 
10010001001101 
10010010100110 
10010010110001 
10010011010100 
10010011101000 
10010100011100 
10010101100001 
10010110001001 
10011000110010 
10011001011000 
10011010001100 
10011011000010 
10011100001010 
10011100010001 
10011101000100 
10011110100000 
10100000101110 
10100000110101 
10100001100011 
10100010001011 
10100011000101 
10100011110000 
10100101001001 
10100101010100 
10100110001100 
10100110100001 
10101000001101 
10101000010011 
10101001001010 
10101010000110 
10101100101000 
10101110010000 
10110001010010 
10110010011000 
10110100000110 
10110100110000 
10110111000000 
10111000100100 
10111010000001 
11000000011110 
11000000101101 
11000001101010 
11000010011001 
11000010100011 
11000011100100 
11000100110010 
11000101000101 
11000110000110 
11000110101000 
11001000001011 
11001000100110 
11001000110001 
11001001001100 
11001001010010 
11001010010100 
11001100011000 
11001111000000 
11010001000110 
11010001110000 
11010010001010 
11010011000001 
11010100000011 
11010100100100 
11010101001000 
11010110010000 
11011000000101 
11011000101000 
11100000000111 
11100000111000 
11100010010010 
11100011001000 
11100100001010 
11100100010001 
11100101100000 
11101001000001 
11101010100000 
11101100000100 
11110000001001 
11110000100010 
11110010000100 
11111000010000 