000000101010110 
000000110111000 
000001010001110 
000001101001001 
000010011100010 
000010100100101 
000011000010011 
000100001101100 
000101011010000 
000101100100010 
000110010001001 
001000001110001 
001000110000011 
001010010010100 
001011000101000 
001100000011010 
001101000000101 
001110101000000 
010000000101011 
010000011000101 
010001000110100 
010010001011000 
010011110000000 
010100100010001 
010110000000110 
011000100001100 
011001001000010 
011100010100000 
100000000011101 
100001010100001 
100010100001010 
100011001000100 
100100001000011 
100100110000100 
100110000110000 
101000000100110 
101000011001000 
101001100010000 
110000010010010 
110000101100000 
110101000001000 
111010000000001 
