000000011011011 
000000011101110 
000000100101111 
000000101110110 
000000111001101 
000000111111000 
000001000111011 
000001010111100 
000001011000111 
000001011101001 
000001011110010 
000001100011110 
000001110010101 
000001110100011 
000010000011111 
000010010101011 
000010010110101 
000010100110011 
000010100111100 
000010101000111 
000010101011001 
000010111010100 
000010111100010 
000011000110110 
000011001101010 
000011001110001 
000011010011010 
000011011001100 
000011100001101 
000011101010010 
000011101100100 
000011110000110 
000011110101000 
000100000111101 
000100010011110 
000100010110011 
000100011100101 
000100101011010 
000100110101010 
000100110110100 
000100111000011 
000101001001110 
000101001110100 
000101010001011 
000101011011000 
000101100000111 
000101100011001 
000101100101100 
000101100110010 
000101101100001 
000101111000100 
000110000111010 
000110001011100 
000110001100110 
000110010000111 
000110011010010 
000110011101000 
000110100001011 
000110100010110 
000110110001100 
000110110010001 
000111000010101 
000111000101001 
000111001000011 
000111010110000 
000111101001000 
001000000110111 
001000010111010 
001000011110100 
001000100011101 
001000101010011 
001000101101001 
001000110110001 
001000111000110 
001001000101110 
001001001011100 
001001001100101 
001001010001101 
001001010010011 
001001100111000 
001001101100010 
001001110100100 
001001111000001 
001010001010101 
001010001101100 
001010010001110 
001010011000011 
001010100011010 
001010100100101 
001010101110000 
001010110001001 
001011000000111 
001011000011001 
001011010100010 
001011011010000 
001011100010100 
001100000001111 
001100001110010 
001100010100110 
001100010101001 
001100011001100 
001100101010100 
001100110000101 
001100110010010 
001100111100000 
001101000110001 
001101001101000 
001101010010100 
001101011000010 
001101110001000 
001110000010011 
001110000110100 
001110001001010 
001110010011000 
001110101000001 
001111000001100 
001111100000010 
010000001110101 
010000010010111 
010000010101101 
010000101011100 
010000101100011 
010000110100110 
010000111010010 
010001000001111 
010001001100110 
010001010110001 
010001011001010 
010001100010011 
010001100110100 
010001101101000 
010001110001100 
010010000111001 
010010001001110 
010010001110010 
010010011010001 
010010011100100 
010010110001010 
010010110110000 
010011000101100 
010011001000101 
010011001011000 
010011010001001 
010011010010100 
010011100100010 
010011111000000 
010100000011011 
010100000110110 
010100001000111 
010100001101001 
010100011010100 
010100011100010 
010100100100101 
010100101110000 
010100110001001 
010101000011100 
010101000101010 
010101001010001 
010101010100100 
010101101000010 
010101110010000 
010110000001101 
010110010100001 
010110100011000 
010110101000100 
010111000000110 
010111001100000 
010111100000001 
011000000111100 
011000001010110 
011000001011001 
011000001101010 
011000100110010 
011000101100100 
011000110000011 
011000110010100 
011000110101000 
011001000101001 
011001001000011 
011001010000110 
011001010011000 
011001011100000 
011001100000101 
011001100001010 
011001101010000 
011010000001011 
011010000100110 
011010001100001 
011010010000101 
011010010010010 
011010011001000 
011010100001100 
011010100010001 
011010101000010 
011011000110000 
011100000010101 
011100000100011 
011100010001010 
011100010110000 
011100011000001 
011100100000110 
011100101001000 
011101000010010 
011101001000100 
011110001010000 
011110100100000 
011111010000000 
100000000111110 
100000001111001 
100000010001111 
100000011011100 
100000011100011 
100000100011011 
100000110101100 
100000110110010 
100000111010001 
100001001010101 
100001001011010 
100001001101100 
100001010010110 
100001010011001 
100001010100101 
100001010101010 
100001100100110 
100001100101001 
100001101000011 
100001101110000 
100001111001000 
100010000101101 
100010001010011 
100010001110100 
100010010100110 
100010010111000 
100010011000101 
100010011001010 
100010100010101 
100010100101010 
100010101001100 
100010101100001 
100010110000011 
100011000011100 
100011000100011 
100011001001001 
100011011100000 
100011110010000 
100100000100111 
100100001001011 
100100001010110 
100100011110000 
100100101000101 
100100101101000 
100100110000110 
100100110011000 
100100110100001 
100101000010011 
100101000111000 
100101001100010 
100101010001100 
100101011000001 
100101100001010 
100101100010100 
100110000001110 
100110000110001 
100110010001001 
100110010010100 
100110101000010 
100111001000100 
100111010000010 
100111100100000 
101000001001101 
101000001100110 
101000010010101 
101000011010010 
101000011101000 
101000100100011 
101000100110100 
101000101011000 
101000110001010 
101001000001011 
101001010110000 
101001011000100 
101001100001100 
101001100010010 
101010000010110 
101010010100001 
101010110000100 
101011000100100 
101011010001000 
101011100000001 
101100000011010 
101100000101100 
101100001100001 
101100010000011 
101101000000110 
101101101000000 
101110000000101 
101110000100010 
101110011000000 
101110100001000 
101111000010000 
110000000011101 
110000000101011 
110000010011010 
110000010110100 
110000011000110 
110000011001001 
110000100010110 
110000100110001 
110000101001010 
110000110000101 
110000111100000 
110001000110010 
110001001100001 
110001010000011 
110001011010000 
110001100011000 
110001101000100 
110010000000111 
110010001101000 
110010010001100 
110010100001001 
110010100100100 
110010101010000 
110011000010001 
110011001000010 
110100001011000 
110100001100100 
110100010010001 
110100010101000 
110100100000011 
110100100001100 
110101000000101 
110110000010010 
110110001000001 
110110110000000 
110111000001000 
111000000001110 
111000000010011 
111000000100101 
111000001110000 
111000010100010 
111000101000001 
111001000010100 
111001001001000 
111001110000000 
111010000011000 
111010001000100 
111100000001001 
111100001000010 
111100010000100 
111100100010000 
111101000100000 
