10100010000001101 
00100011100100001 
00101000000110110 
01010100010000110 
00001001000111001 
01100010100000110 
00000100001011110 
00000010010111100 
00000101100110100 
00110000010100101 
00010001110100010 
10011100000001001 
10000011001010100 
00100111000011000 
01110110000000001 
01010000000111010 
10101101000000100 
01001000101001010 
00110001001110000 
00101011001000010 
00000001111011000 
10010100011010000 
00100000100011011 
00011100001100100 
00111000111000000 
01100100101010000 
10000101101000010 
10010010001101000 
00011001010010100 
11000001010101000 
00010000101010101 
10000110100010001 
00001010101110000 
01110001100001000 
01010011000100100 
01000100100101001 
00010000011001011 
01000011001001001 
00000001001100111 
01001111100000000 
01100101000100010 
10011010100000100 
10101010010100000 
00001110010010010 
01001010000010101 
00001100100000111 
00100000101101100 
11000100001000101 
10001000001010011 
10110100100100000 
01000010011100010 
11010000100000011 
11011001001000000 
00011010000100011 
00100010011010001 
01001001010000011 
01101000001100001 
01101000010011000 
10000110000100110 
10010011010000001 
10000000110010110 
11100001000010001 
00000110111000100 
10100100010000011 
00010110100001010 
01001000110100100 
01010010110010000 
11001100000110000 
10000000111100001 
00010101000010011 
01100001011000100 
10010001000001110 
10001000011001100 
10110010000010010 
00001010110001001 
00000101010001101 
