000000101011101001 
000000101100010111 
000001000001111110 
000001010110001011 
000010010010110101 
000010011101001100 
000011100111010000 
000011111000100010 
000100011011010010 
000100110100111000 
000101001110100100 
000101110001000101 
000110000101100011 
000110100010001110 
000111001000011001 
011000000011000111 
011000001100101010 
011001010100010100 
011010110000001001 
101000000101011001 
101000100010110010 
101001101000001100 
101100011000100001 
110001010011100000 
110010001110000001 
110101100100000010 
110110000001010100 
