000000010100111111 
000011111000101001 
000100100111011010 
000101001010101110 
000111100001110100 
001000111101000011 
001011010011001100 
001101011000010101 
001110101100001100 
001111000110000011 
010001010011100011 
010001100101001101 
010010110110100100 
010011011100010010 
010100011110001001 
011001101010110000 
011100000101100110 
011101110000001010 
011110000001011001 
100001001001011011 
100100101100110001 
100101111011000000 
100110010010110010 
100110010101000101 
101000001110010110 
101000110010011001 
101001010101110000 
101001100000100111 
101010001011100001 
110000110001010110 
110010101010001010 
110011000010010101 
110111000100101000 
111000011000101100 
