011110011001101011
100000011011001010
000011011001100100
110010010001010001
111111000100110101
101110000010011011
010101110111101100
001101001111111111
011010110010111000
001000100101100000
101010110000000110
000100010100111001
000000000110000111
110001100110010000
100101111011110001
010010101100011101
000111111110001011
101011111111011100
110011001101111010
101000001010110100
111100110110100011
110001010010111111
011001101000101110
100110100001111100
100101001000001101
011011000011001101
011101011010000000
010111101011010110
000001100001011011